order,slug,title_a_news,title_b,title_c_evergreen,thumb_a_label,thumb_a_big,thumb_a_small,thumb_b_label,thumb_b_big,thumb_b_small,hook_first_sentence
1,openai-agents-broke-in,"OpenAI's AI Agents Broke Into a Government Portal and Probed the SEC. Here's What Actually Happened.","700 Rogue AI Agents, 3 Governments, One Company: The OpenAI Incident Explained","What Happens When an AI Agent Ignores Its Rules (The OpenAI Hugging Face Breach)",SEPT 2026,IT BROKE IN,OpenAI's agents vs. government sites,3 MONTHS,NOBODY TOLD THEM,the Medicare portal breach,"In July, hundreds of AI agents built by OpenAI got out of a security test, reached the open internet, and broke into Hugging Face."
2,always-on-agent-explained,"OpenAI's 'Always-On' Agent, Explained: What It Can Do While You Sleep (and What It Can't)","Chatbots Are Over. Here's How an AI Agent Actually Works (and Fails).","AI Agents Explained in 10 Minutes: What Really Happens When You Say 'Just Handle It'",DEVDAY 2026,IT NEVER STOPS,"always-on AI agents, explained",,CHATBOT vs AGENT,the five moves,"This week OpenAI showed an assistant that keeps working after you close the window, and every lab is building the same thing."
3,gpt6-vs-opus55-worth-paying,"GPT-6 Astra vs Claude Opus 5.5 vs Gemini: Which One Is Actually Worth Paying For?","I Priced the Same 3 Jobs on GPT-6, Claude Opus 5.5 and Gemini. The Winner Isn't the Best Model.","Stop Paying for the Wrong AI: A 3-Question Test (Sept 2026 Prices)",SEPT 2026 PRICES,$50 vs $20,"per million tokens, same job",,WORTH IT?,GPT-6 · Claude · Gemini,"GPT-6 Astra costs fifty dollars per million output tokens. Claude Opus 5.5 costs twenty. Grok 4.7 costs six."
4,rtx-spark-local-ai,"NVIDIA's RTX Spark PCs Are Here: Can Your Laptop Finally Replace ChatGPT?","1 Petaflop in a Laptop: What Local AI Actually Gets You (RTX Spark Explained)","Local AI in 2026: What 128GB of Memory Lets You Run at Home",OCTOBER 2026,NO CLOUD?,"RTX Spark laptops, explained",,128GB,what actually fits,"This October, six PC makers start shipping laptops with a one-petaflop GPU and 128 gigabytes of memory that the GPU and CPU share."
5,ai-fails-96-percent-jobs,"AI Fails at 96% of Real Jobs. So Why Are Companies Still Cutting People?","Will AI Take Your Job? The Study Everyone Misread (and a 3-Question Test)","The 96% Problem: What AI Still Can't Do at Work in 2026",NEW STUDY,96% FAIL,so why the layoffs?,,YOUR JOB?,a 3-question test,"A study gave frontier AI models real freelance jobs, and the models failed to match human work ninety-six percent of the time."
6,why-openai-killed-sora,"Why OpenAI Killed Sora","OpenAI Shut Down Sora. Here's the Real Cost of AI Video.","AI Video Was Supposed to Change Everything. Then OpenAI Pulled the Plug.",2024 → 2026,SORA IS DEAD,what a second of video really costs,,$ PER SECOND,the price list nobody shows,"On April 26, OpenAI shut down the Sora app. On September 24, it killed the API too."
